0.000000000
0.436332313
0.872664626
1.308996939
1.745329252
2.181661565
2.617993878
3.054326191
3.490658504
3.926990817
4.363323130
4.799655443
5.235987756
5.672320069
6.108652382
6.544984695
6.981317008
7.417649321
7.853981634
8.290313947
8.726646260
9.162978573
9.599310886
10.035643199
10.471975512
10.908307825
11.344640138
11.780972451
12.217304764
12.653637077
13.089969390
13.526301703
13.962634016
14.398966329
14.835298642
15.271630955
15.707963268
16.144295581
16.580627894
17.016960207
17.453292520
17.889624833
18.325957146
18.762289459
19.198621772
19.634954085
20.071286398
20.507618711
20.943951024
21.380283337
21.816615650
22.252947963
22.689280276
23.125612589
23.561944902
23.998277215
24.434609528
24.870941841
25.307274154
25.743606467
26.179938780
26.616271093
27.052603406
27.488935719
27.925268032
28.361600345
28.797932658
29.234264971
29.670597284
30.106929597
30.543261910
30.979594223
31.415926536
31.852258849
32.288591162
32.724923475
33.161255788
33.597588101
34.033920414
34.470252727
34.906585040
35.342917353
35.779249666
36.215581979
36.651914292
37.088246605
37.524578918
37.960911231
38.397243544
38.833575857
39.269908170
39.706240483
40.142572796
40.578905109
41.015237422
41.451569735
41.887902048
42.324234361
42.760566674
43.196898987
43.633231300
44.069563613
44.505895926
44.942228239
45.378560552
45.814892865
46.251225178
46.687557491
47.123889804
47.560222117
47.996554430
48.432886743
48.869219056
49.305551369
49.741883682
50.178215995
50.614548308
51.050880621
51.487212934
51.923545247
52.359877560
