-6.577709618
-6.381360078
-6.185010537
-5.988660996
-5.792311455
-5.595961914
-5.399612373
-5.203262833
-5.006913292
-4.810563751
-4.614214210
-4.417864669
-4.221515128
-4.025165587
-3.828816047
-3.632466506
-3.436116965
-3.239767424
-3.043417883
-2.847068342
-2.650718801
-2.454369261
-2.258019720
-2.061670179
-1.865320638
-1.668971097
-1.472621556
-1.276272016
-1.079922475
-0.883572934
-0.687223393
-0.490873852
-0.294524311
-0.098174770
0.098174770
0.294524311
0.490873852
0.687223393
0.883572934
1.079922475
1.276272016
1.472621556
1.668971097
1.865320638
2.061670179
2.258019720
2.454369261
2.650718801
2.847068342
3.043417883
3.239767424
3.436116965
3.632466506
3.828816047
4.025165587
4.221515128
4.417864669
4.614214210
4.810563751
5.006913292
5.203262833
5.399612373
5.595961914
5.792311455
5.988660996
6.185010537
6.381360078
6.577709618
